823028444913082368
823026786611109888
823026322012311555
823022176349683714
823022099208011776
823021678255108096
823021365565517824
823021089647378432
823020056959471617
823019857625174021
823031197135675392
823031697595891712
823031648069550080
823033262759178243
823034053460971520
823033964243931137
823034141612670976
823037564139532288
823037345020674048
823190943729938433
823189425593155585
823188176395272192
823188125115682817
823187484712505344
823187156017573888
823186731470045184
823186617326247936
823185902306557953
823185869339295745
823185623892758528
823185488018362369
823191863058436101
823201817618247681
823201483407626241
823201044268273665
823199799654711296
823203499433402369
823203115684007938
823202119541030912
823201895871299588
823199613284913152
823198277151690752
823197817753784324
823197620252344321
823204584084697090
823205375541387265
823207273870819328
823208403292057600
823208011007229952
823207433413808128
823212880938074113
823212835174043648
823212797463003137
823212755469606912
823212717972619265
823212225758429184
823211143187533824
823210955031146496
823213073435660290
823214627207135233
823214919311036416
